countryname,year,life_ladder,log_gdp_per,social_support,healthy_life_expectancy_at_birth,freedom_to_make_life_choices,generosity,perception_of_corruption,positive_affect,negative_affect
Argentina,2006,6.313000,9.942000,0.938000,66.820000,0.733000,-0.157000,0.852000,0.825000,0.328000
Argentina,2007,6.073000,10.018000,0.862000,66.940000,0.653000,-0.141000,0.881000,0.828000,0.279000
Argentina,2008,5.961000,10.048000,0.892000,67.060000,0.678000,-0.132000,0.865000,0.823000,0.318000
Argentina,2009,6.424000,9.977000,0.919000,67.180000,0.637000,-0.130000,0.885000,0.864000,0.237000
Argentina,2010,6.441000,10.066000,0.927000,67.300000,0.730000,-0.126000,0.855000,0.846000,0.211000
Argentina,2011,6.776000,10.112000,0.889000,67.480000,0.816000,-0.174000,0.755000,0.840000,0.232000
Argentina,2012,6.468000,10.091000,0.902000,67.660000,0.747000,-0.148000,0.817000,0.857000,0.272000
Argentina,2013,6.582000,10.103000,0.910000,67.840000,0.737000,-0.130000,0.823000,0.842000,0.254000
Argentina,2014,6.671000,10.067000,0.918000,68.020000,0.745000,-0.164000,0.854000,0.857000,0.238000
Argentina,2015,6.697000,10.083000,0.926000,68.200000,0.881000,-0.174000,0.851000,0.859000,0.305000
Argentina,2016,6.427000,10.051000,0.883000,68.400000,0.848000,-0.192000,0.851000,0.842000,0.312000
Argentina,2017,6.039000,10.067000,0.907000,68.600000,0.832000,-0.186000,0.841000,0.809000,0.292000
Argentina,2018,5.793000,10.032000,0.900000,68.800000,0.846000,-0.211000,0.855000,0.820000,0.321000
Argentina,2019,6.086000,10.000000,0.896000,69.000000,0.817000,-0.211000,0.830000,0.826000,0.319000
Argentina,2020,5.901000,9.850000,0.897000,69.200000,0.823000,-0.122000,0.816000,0.764000,0.342000
